Moon x	Moon y	Apollo x	Apollo y	t	vmag	r
384399986.647473	102199.998805	179381409.725949	103565905.492746	100.000000	1021.999999	384400000.233373
384399946.320145	204399.990438	180040209.498419	103946265.059331	200.000000	1021.999998	384400000.663744
384399879.018019	306599.967727	180698928.568938	104326578.935830	300.000000	1021.999997	384400001.291114
384399784.741100	408799.923502	181357567.516418	104706847.461529	400.000000	1021.999994	384400002.115481
384399663.489395	510999.850589	182016126.913387	105087070.972052	500.000000	1021.999992	384400003.136847
384399515.262912	613199.741817	182674607.326084	105467249.799413	600.000000	1021.999988	384400004.355210
384399340.061663	715399.590015	183333009.314547	105847384.272070	700.000000	1021.999985	384400005.770571
384399137.885659	817599.388011	183991333.432710	106227474.714977	800.000000	1021.999980	384400007.382930
384398908.734915	919799.128632	184649580.228488	106607521.449639	900.000000	1021.999976	384400009.192287
384398652.609447	1021998.804708	185307750.243867	106987524.794157	1000.000000	1021.999970	384400011.198641
384398369.509276	1124198.409066	185965844.014988	107367485.063280	1100.000000	1021.999965	384400013.401993
384398059.434418	1226397.934536	186623862.072234	107747402.568458	1200.000000	1021.999958	384400015.802341
384397722.384898	1328597.373944	187281804.940311	108127277.617882	1300.000000	1021.999951	384400018.399687
384397358.360741	1430796.720119	187939673.138330	108507110.516535	1400.000000	1021.999944	384400021.194029
384396967.361972	1532995.965890	188597467.179887	108886901.566242	1500.000000	1021.999936	384400024.185369
384396549.388618	1635195.104085	189255187.573145	109266651.065706	1600.000000	1021.999928	384400027.373704
384396104.440711	1737394.127532	189912834.820905	109646359.310562	1700.000000	1021.999919	384400030.759036
384395632.518281	1839593.029059	190570409.420686	110026026.593415	1800.000000	1021.999909	384400034.341364
384395133.621364	1941791.801496	191227911.864799	110405653.203884	1900.000000	1021.999899	384400038.120688
384394607.749994	2043990.437669	191885342.640420	110785239.428645	2000.000000	1021.999889	384400042.097007
384394054.904210	2146188.930408	192542702.229664	111164785.551473	2100.000000	1021.999878	384400046.270322
384393475.084050	2248387.272541	193199991.109650	111544291.853281	2200.000000	1021.999866	384400050.640631
384392868.289558	2350585.456897	193857209.752578	111923758.612161	2300.000000	1021.999854	384400055.207935
384392234.520775	2452783.476302	194514358.625792	112303186.103423	2400.000000	1021.999842	384400059.972233
384391573.777748	2554981.323587	195171438.191850	112682574.599635	2500.000000	1021.999829	384400064.933525
384390886.060525	2657178.991579	195828448.908587	113061924.370657	2600.000000	1021.999815	384400070.091810
384390171.369153	2759376.473107	196485391.229185	113441235.683684	2700.000000	1021.999801	384400075.447088
384389429.703685	2861573.760999	197142265.602231	113820508.803278	2800.000000	1021.999786	384400080.999360
384388661.064175	2963770.848084	197799072.471784	114199743.991406	2900.000000	1021.999771	384400086.748623
384387865.450676	3065967.727190	198455812.277435	114578941.507475	3000.000000	1021.999755	384400092.694879
384387042.863247	3168164.391146	199112485.454366	114958101.608369	3100.000000	1021.999739	384400098.838126
384386193.301946	3270360.832779	199769092.433415	115337224.548477	3200.000000	1021.999722	384400105.178364
384385316.766833	3372557.044920	200425633.641127	115716310.579735	3300.000000	1021.999705	384400111.715593
384384413.257973	3474753.020395	201082109.499820	116095359.951653	3400.000000	1021.999687	384400118.449811
384383482.775430	3576948.752034	201738520.427634	116474372.911349	3500.000000	1021.999669	384400125.381020
384382525.319270	3679144.232665	202394866.838591	116853349.703583	3600.000000	1021.999650	384400132.509218
384381540.889563	3781339.455117	203051149.142652	117232290.570785	3700.000000	1021.999631	384400139.834404
384380529.486378	3883534.412219	203707367.745764	117611195.753089	3800.000000	1021.999611	384400147.356579
384379491.109789	3985729.096798	204363523.049920	117990065.488362	3900.000000	1021.999591	384400155.075741
384378425.759871	4087923.501685	205019615.453208	118368900.012233	4000.000000	1021.999570	384400162.991891
384377333.436698	4190117.619706	205675645.349863	118747699.558126	4100.000000	1021.999548	384400171.105026
384376214.140350	4292311.443691	206331613.130317	119126464.357284	4200.000000	1021.999526	384400179.415148
384375067.870907	4394504.966470	206987519.181250	119505194.638801	4300.000000	1021.999504	384400187.922255
384373894.628452	4496698.180869	207643363.885637	119883890.629647	4400.000000	1021.999481	384400196.626347
384372694.413068	4598891.079719	208299147.622798	120262552.554701	4500.000000	1021.999457	384400205.527422
384371467.224841	4701083.655848	208954870.768447	120641180.636770	4600.000000	1021.999433	384400214.625482
384370213.063860	4803275.902084	209610533.694734	121019775.096623	4700.000000	1021.999409	384400223.920524
384368931.930215	4905467.811257	210266136.770293	121398336.153015	4800.000000	1021.999384	384400233.412548
384367623.823997	5007659.376195	210921680.360290	121776864.022708	4900.000000	1021.999358	384400243.101554
384366288.745300	5109850.589728	211577164.826465	122155358.920504	5000.000000	1021.999332	384400252.987540
384364926.694220	5212041.444684	212232590.527174	122533821.059264	5100.000000	1021.999306	384400263.070506
384363537.670855	5314231.933892	212887957.817436	122912250.649938	5200.000000	1021.999278	384400273.350452
384362121.675304	5416422.050180	213543267.048974	123290647.901582	5300.000000	1021.999251	384400283.827376
384360678.707670	5518611.786379	214198518.570255	123669013.021388	5400.000000	1021.999223	384400294.501278
384359208.768054	5620801.135317	214853712.726533	124047346.214706	5500.000000	1021.999194	384400305.372157
384357711.856564	5722990.089823	215508849.859891	124425647.685063	5600.000000	1021.999165	384400316.440012
384356187.973306	5825178.642727	216163930.309278	124803917.634192	5700.000000	1021.999135	384400327.704843
384354637.118389	5927366.786856	216818954.410549	125182156.262051	5800.000000	1021.999105	384400339.166649
384353059.291926	6029554.515041	217473922.496504	125560363.766841	5900.000000	1021.999074	384400350.825428
384351454.494028	6131741.820110	218128834.896928	125938540.345037	6000.000000	1021.999043	384400362.681181
384349822.724811	6233928.694893	218783691.938626	126316686.191399	6100.000000	1021.999011	384400374.733905
384348163.984392	6336115.132219	219438493.945461	126694801.499003	6200.000000	1021.998978	384400386.983601
384346478.272891	6438301.124917	220093241.238391	127072886.459251	6300.000000	1021.998946	384400399.430267
384344765.590427	6540486.665816	220747934.135502	127450941.261901	6400.000000	1021.998912	384400412.073903
384343025.937125	6642671.747747	221402572.952050	127828966.095079	6500.000000	1021.998878	384400424.914507
384341259.313108	6744856.363537	222057158.000487	128206961.145304	6600.000000	1021.998844	384400437.952079
384339465.718503	6847040.506017	222711689.590502	128584926.597506	6700.000000	1021.998809	384400451.186618
384337645.153440	6949224.168016	223366168.029054	128962862.635044	6800.000000	1021.998774	384400464.618123
384335797.618048	7051407.342364	224020593.620401	129340769.439725	6900.000000	1021.998738	384400478.246593
384333923.112460	7153590.021889	224674966.666139	129718647.191822	7000.000000	1021.998701	384400492.072026
384332021.636811	7255772.199422	225329287.465229	130096496.070095	7100.000000	1021.998664	384400506.094422
384330093.191237	7357953.867791	225983556.314033	130474316.251804	7200.000000	1021.998626	384400520.313781
384328137.775876	7460135.019828	226637773.506341	130852107.912731	7300.000000	1021.998588	384400534.730100
384326155.390868	7562315.648361	227291939.333406	131229871.227196	7400.000000	1021.998550	384400549.343379
384324146.036356	7664495.746219	227946054.083975	131607606.368073	7500.000000	1021.998511	384400564.153616
384322109.712485	7766675.306234	228600118.044315	131985313.506806	7600.000000	1021.998471	384400579.160812
384320046.419399	7868854.321234	229254131.498244	132362992.813431	7700.000000	1021.998431	384400594.364965
384317956.157247	7971032.784049	229908094.727165	132740644.456584	7800.000000	1021.998390	384400609.766072
384315838.926179	8073210.687509	230562008.010086	133118268.603523	7900.000000	1021.998349	384400625.364134
384313694.726346	8175388.024445	231215871.623657	133495865.420143	8000.000000	1021.998308	384400641.159149
384311523.557903	8277564.787685	231869685.842193	133873435.070991	8100.000000	1021.998265	384400657.151117
384309325.421005	8379740.970060	232523450.937703	134250977.719278	8200.000000	1021.998223	384400673.340036
384307100.315809	8481916.564401	233177167.179918	134628493.526899	8300.000000	1021.998179	384400689.725904
384304848.242477	8584091.563536	233830834.836316	135005982.654448	8400.000000	1021.998136	384400706.308722
384302569.201168	8686265.960297	234484454.172150	135383445.261225	8500.000000	1021.998091	384400723.088487
384300263.192046	8788439.747512	235138025.450475	135760881.505262	8600.000000	1021.998046	384400740.065198
384297930.215277	8890612.918014	235791548.932170	136138291.543327	8700.000000	1021.998001	384400757.238854
384295570.271029	8992785.464631	236445024.875968	136515675.530943	8800.000000	1021.997955	384400774.609454
384293183.359470	9094957.380194	237098453.538476	136893033.622402	8900.000000	1021.997909	384400792.176997
384290769.480771	9197128.657533	237751835.174207	137270365.970775	9000.000000	1021.997862	384400809.941481
384288328.635107	9299299.289480	238405170.035595	137647672.727930	9100.000000	1021.997815	384400827.902906
384285860.822651	9401469.268863	239058458.373026	138024954.044542	9200.000000	1021.997767	384400846.061269
384283366.043580	9503638.588514	239711700.434862	138402210.070105	9300.000000	1021.997718	384400864.416569
384280844.298074	9605807.241264	240364896.467457	138779440.952949	9400.000000	1021.997669	384400882.968805
384278295.586314	9707975.219942	241018046.715189	139156646.840249	9500.000000	1021.997620	384400901.717977
384275719.908483	9810142.517379	241671151.420477	139533827.878037	9600.000000	1021.997570	384400920.664082
384273117.264764	9912309.126407	242324210.823804	139910984.211218	9700.000000	1021.997519	384400939.807119
384270487.655345	10014475.039856	242977225.163744	140288115.983577	9800.000000	1021.997468	384400959.147087
384267831.080414	10116640.250556	243630194.676975	140665223.337796	9900.000000	1021.997417	384400978.683985
384265147.540163	10218804.751339	244283119.598309	141042306.415459	10000.000000	1021.997365	384400998.417810
384262437.034782	10320968.535036	244936000.160710	141419365.357072	10100.000000	1021.997312	384401018.348562
384259699.564468	10423131.594476	245588836.595312	141796400.302066	10200.000000	1021.997259	384401038.476239
384256935.129415	10525293.922492	246241629.131445	142173411.388813	10300.000000	1021.997205	384401058.800839
384254143.729823	10627455.511915	246894377.996652	142550398.754637	10400.000000	1021.997151	384401079.322363
384251325.365892	10729616.355575	247547083.416709	142927362.535820	10500.000000	1021.997096	384401100.040807
384248480.037823	10831776.446303	248199745.615646	143304302.867619	10600.000000	1021.997041	384401120.956170
384245607.745821	10933935.776932	248852364.815767	143681219.884274	10700.000000	1021.996985	384401142.068451
384242708.490091	11036094.340292	249504941.237669	144058113.719015	10800.000000	1021.996929	384401163.377648
384239782.270843	11138252.129214	250157475.100260	144434984.504076	10900.000000	1021.996872	384401184.883760
384236829.088285	11240409.136530	250809966.620777	144811832.370706	11000.000000	1021.996815	384401206.586785
384233848.942629	11342565.355072	251462416.014809	145188657.449174	11100.000000	1021.996757	384401228.486722
384230841.834089	11444720.777671	252114823.496311	145565459.868782	11200.000000	1021.996699	384401250.583569
384227807.762881	11546875.397158	252767189.277622	145942239.757875	11300.000000	1021.996640	384401272.877324
384224746.729223	11649029.206365	253419513.569487	146318997.243849	11400.000000	1021.996581	384401295.367987
384221658.733333	11751182.198124	254071796.581070	146695732.453160	11500.000000	1021.996521	384401318.055554
384218543.775433	11853334.365267	254724038.519975	147072445.511335	11600.000000	1021.996460	384401340.940025
384215401.855748	11955485.700625	255376239.592258	147449136.542977	11700.000000	1021.996399	384401364.021399
384212232.974501	12057636.197030	256028400.002452	147825805.671781	11800.000000	1021.996338	384401387.299672
384209037.131921	12159785.847315	256680519.953574	148202453.020534	11900.000000	1021.996276	384401410.774844
384205814.328237	12261934.644311	257332599.647151	148579078.711129	12000.000000	1021.996214	384401434.446913
384202564.563679	12364082.580850	257984639.283228	148955682.864574	12100.000000	1021.996151	384401458.315878
384199287.838481	12466229.649765	258636639.060392	149332265.600998	12200.000000	1021.996087	384401482.381737
384195984.152877	12568375.843887	259288599.175778	149708827.039657	12300.000000	1021.996023	384401506.644486
384192653.507106	12670521.156049	259940519.825095	150085367.298950	12400.000000	1021.995958	384401531.104127
384189295.901405	12772665.579083	260592401.202634	150461886.496417	12500.000000	1021.995893	384401555.760656
384185911.336015	12874809.105822	261244243.501288	150838384.748755	12600.000000	1021.995828	384401580.614071
384182499.811180	12976951.729098	261896046.912563	151214862.171820	12700.000000	1021.995762	384401605.664371
384179061.327143	13079093.441744	262547811.626595	151591318.880639	12800.000000	1021.995695	384401630.911554
384175595.884152	13181234.236592	263199537.832165	151967754.989414	12900.000000	1021.995628	384401656.355618
384172103.482454	13283374.106475	263851225.716712	152344170.611533	13000.000000	1021.995560	384401681.996562
384168584.122301	13385513.044225	264502875.466348	152720565.859571	13100.000000	1021.995492	384401707.834383
384165037.803944	13487651.042676	265154487.265875	153096940.845307	13200.000000	1021.995423	384401733.869080
384161464.527639	13589788.094660	265806061.298790	153473295.679720	13300.000000	1021.995354	384401760.100651
384157864.293641	13691924.193011	266457597.747311	153849630.473005	13400.000000	1021.995284	384401786.529093
384154237.102209	13794059.330560	267109096.792379	154225945.334573	13500.000000	1021.995214	384401813.154406
384150582.953602	13896193.500143	267760558.613681	154602240.373065	13600.000000	1021.995143	384401839.976587
384146901.848083	13998326.694590	268411983.389655	154978515.696351	13700.000000	1021.995072	384401866.995634
384143193.785916	14100458.906737	269063371.297508	155354771.411540	13800.000000	1021.995000	384401894.211546
384139458.767366	14202590.129415	269714722.513229	155731007.624990	13900.000000	1021.994928	384401921.624319
384135696.792702	14304720.355459	270366037.211598	156107224.442306	14000.000000	1021.994855	384401949.233953
384131907.862194	14406849.577702	271017315.566201	156483421.968356	14100.000000	1021.994781	384401977.040446
384128091.976112	14508977.788978	271668557.749443	156859600.307269	14200.000000	1021.994708	384402005.043795
384124249.134732	14611104.982119	272319763.932559	157235759.562445	14300.000000	1021.994633	384402033.243998
384120379.338327	14713231.149961	272970934.285624	157611899.836561	14400.000000	1021.994558	384402061.641054
384116482.587177	14815356.285336	273622068.977570	157988021.231576	14500.000000	1021.994483	384402090.234960
384112558.881559	14917480.381078	274273168.176192	158364123.848736	14600.000000	1021.994407	384402119.025714
384108608.221757	15019603.430021	274924232.048165	158740207.788582	14700.000000	1021.994330	384402148.013315
384104630.608053	15121725.425000	275575260.759051	159116273.150955	14800.000000	1021.994253	384402177.197760
384100626.040732	15223846.358848	276226254.473310	159492320.034999	14900.000000	1021.994176	384402206.579046
384096594.520081	15325966.224400	276877213.354317	159868348.539169	15000.000000	1021.994097	384402236.157173
384092536.046390	15428085.014490	277528137.564364	160244358.761238	15100.000000	1021.994019	384402265.932137
384088450.619950	15530202.721951	278179027.264681	160620350.798298	15200.000000	1021.993940	384402295.903938
384084338.241053	15632319.339619	278829882.615436	160996324.746767	15300.000000	1021.993860	384402326.072571
384080198.909995	15734434.860328	279480703.775755	161372280.702396	15400.000000	1021.993780	384402356.438036
384076032.627072	15836549.276912	280131490.903724	161748218.760272	15500.000000	1021.993699	384402387.000331
384071839.392584	15938662.582207	280782244.156408	162124139.014825	15600.000000	1021.993618	384402417.759452
384067619.206831	16040774.769047	281432963.689853	162500041.559830	15700.000000	1021.993536	384402448.715398
384063372.070115	16142885.830266	282083649.659100	162875926.488414	15800.000000	1021.993454	384402479.868167
384059097.982741	16244995.758699	282734302.218195	163251793.893061	15900.000000	1021.993371	384402511.217756
384054796.945017	16347104.547183	283384921.520198	163627643.865616	16000.000000	1021.993288	384402542.764164
384050468.957249	16449212.188550	284035507.717191	164003476.497289	16100.000000	1021.993204	384402574.507387
384046114.019750	16551318.675638	284686060.960290	164379291.878662	16200.000000	1021.993120	384402606.447424
384041732.132829	16653424.001281	285336581.399653	164755090.099690	16300.000000	1021.993035	384402638.584272
384037323.296803	16755528.158314	285987069.184490	165130871.249709	16400.000000	1021.992950	384402670.917928
384032887.511987	16857631.139572	286637524.463071	165506635.417440	16500.000000	1021.992864	384402703.448392
384028424.778699	16959732.937892	287287947.382733	165882382.690989	16600.000000	1021.992778	384402736.175660
384023935.097260	17061833.546109	287938338.089895	166258113.157859	16700.000000	1021.992691	384402769.099730
384019418.467992	17163932.957058	288588696.730061	166633826.904946	16800.000000	1021.992603	384402802.220599
384014874.891217	17266031.163575	289239023.447828	167009524.018549	16900.000000	1021.992515	384402835.538265
384010304.367263	17368128.158497	289889318.386901	167385204.584373	17000.000000	1021.992427	384402869.052727
384005706.896456	17470223.934658	290539581.690095	167760868.687531	17100.000000	1021.992338	384402902.763981
384001082.479128	17572318.484896	291189813.499346	168136516.412550	17200.000000	1021.992248	384402936.672024
383996431.115609	17674411.802046	291840013.955717	168512147.843375	17300.000000	1021.992158	384402970.776856
383991752.806232	17776503.878944	292490183.199409	168887763.063373	17400.000000	1021.992068	384403005.078473
383987047.551333	17878594.708427	293140321.369767	169263362.155333	17500.000000	1021.991977	384403039.576872
383982315.351251	17980684.283332	293790428.605287	169638945.201478	17600.000000	1021.991885	384403074.272052
383977556.206323	18082772.596493	294440505.043627	170014512.283461	17700.000000	1021.991793	384403109.164009
383972770.116893	18184859.640749	295090550.821610	170390063.482372	17800.000000	1021.991701	384403144.252741
383967957.083301	18286945.408937	295740566.075235	170765598.878742	17900.000000	1021.991607	384403179.538247
383963117.105895	18389029.893891	296390550.939683	171141118.552547	18000.000000	1021.991514	384403215.020522
383958250.185020	18491113.088451	297040505.549324	171516622.583209	18100.000000	1021.991420	384403250.699565
383953356.321027	18593194.985451	297690430.037725	171892111.049603	18200.000000	1021.991325	384403286.575373
383948435.514265	18695275.577731	298340324.537656	172267584.030058	18300.000000	1021.991230	384403322.647943
383943487.765087	18797354.858126	298990189.181098	172643041.602364	18400.000000	1021.991134	384403358.917274
383938513.073850	18899432.819475	299640024.099249	173018483.843768	18500.000000	1021.991038	384403395.383361
383933511.440909	19001509.454614	300289829.422530	173393910.830988	18600.000000	1021.990941	384403432.046204
383928482.866623	19103584.756381	300939605.280596	173769322.640208	18700.000000	1021.990844	384403468.905798
383923427.351353	19205658.717613	301589351.802335	174144719.347083	18800.000000	1021.990746	384403505.962142
383918344.895460	19307731.331149	302239069.115882	174520101.026747	18900.000000	1021.990648	384403543.215233
383913235.499311	19409802.589825	302888757.348622	174895467.753810	19000.000000	1021.990549	384403580.665067
383908099.163270	19511872.486480	303538416.627194	175270819.602366	19100.000000	1021.990449	384403618.311644
383902935.887707	19613941.013952	304188047.077501	175646156.645993	19200.000000	1021.990349	384403656.154958
383897745.672991	19716008.165079	304837648.824716	176021478.957759	19300.000000	1021.990249	384403694.195009
383892528.519495	19818073.932699	305487221.993284	176396786.610223	19400.000000	1021.990148	384403732.431793
383887284.427594	19920138.309650	306136766.706933	176772079.675438	19500.000000	1021.990047	384403770.865308
383882013.397662	20022201.288771	306786283.088677	177147358.224958	19600.000000	1021.989945	384403809.495550
383876715.430079	20124262.862901	307435771.260822	177522622.329836	19700.000000	1021.989842	384403848.322517
383871390.525223	20226323.024876	308085231.344971	177897872.060629	19800.000000	1021.989739	384403887.346207
383866038.683478	20328381.767538	308734663.462032	178273107.487403	19900.000000	1021.989636	384403926.566616
383860659.905226	20430439.083723	309384067.732222	178648328.679734	20000.000000	1021.989532	384403965.983742
383855254.190854	20532494.966272	310033444.275072	179023535.706709	20100.000000	1021.989427	384404005.597581
383849821.540749	20634549.408023	310682793.209432	179398728.636935	20200.000000	1021.989322	384404045.408131
383844361.955300	20736602.401816	311332114.653481	179773907.538536	20300.000000	1021.989216	384404085.415390
383838875.434899	20838653.940489	311981408.724723	180149072.479159	20400.000000	1021.989110	384404125.619353
383833361.979940	20940704.016881	312630675.540001	180524223.525976	20500.000000	1021.989004	384404166.020019
383827821.590818	21042752.623834	313279915.215499	180899360.745688	20600.000000	1021.988897	384404206.617385
383822254.267931	21144799.754185	313929127.866745	181274484.204526	20700.000000	1021.988789	384404247.411447
383816660.011677	21246845.400775	314578313.608618	181649593.968254	20800.000000	1021.988681	384404288.402202
383811038.822458	21348889.556443	315227472.555352	182024690.102175	20900.000000	1021.988572	384404329.589649
383805390.700676	21450932.214029	315876604.820542	182399772.671129	21000.000000	1021.988463	384404370.973783
383799715.646738	21552973.366374	316525710.517148	182774841.739501	21100.000000	1021.988353	384404412.554602
383794013.661049	21655013.006317	317174789.757499	183149897.371220	21200.000000	1021.988243	384404454.332102
383788284.744019	21757051.126699	317823842.653299	183524939.629761	21300.000000	1021.988132	384404496.306281
383782528.896058	21859087.720360	318472869.315629	183899968.578153	21400.000000	1021.988021	384404538.477136
383776746.117580	21961122.780140	319121869.854954	184274984.278976	21500.000000	1021.987909	384404580.844664
383770936.408999	22063156.298881	319770844.381129	184649986.794367	21600.000000	1021.987796	384404623.408861
383765099.770731	22165188.269422	320419793.003397	185024976.186021	21700.000000	1021.987684	384404666.169725
383759236.203196	22267218.684605	321068715.830398	185399952.515197	21800.000000	1021.987570	384404709.127253
383753345.706813	22369247.537270	321717612.970175	185774915.842717	21900.000000	1021.987456	384404752.281441
383747428.282005	22471274.820259	322366484.530173	186149866.228968	22000.000000	1021.987342	384404795.632287
383741483.929196	22573300.526412	323015330.617247	186524803.733910	22100.000000	1021.987227	384404839.179786
383735512.648814	22675324.648571	323664151.337664	186899728.417072	22200.000000	1021.987111	384404882.923937
383729514.441285	22777347.179578	324312946.797107	187274640.337562	22300.000000	1021.986995	384404926.864736
383723489.307040	22879368.112273	324961717.100681	187649539.554062	22400.000000	1021.986879	384404971.002180
383717437.246511	22981387.439499	325610462.352915	188024426.124836	22500.000000	1021.986762	384405015.336265
383711358.260132	23083405.154098	326259182.657766	188399300.107730	22600.000000	1021.986644	384405059.866989
383705252.348339	23185421.248910	326907878.118625	188774161.560177	22700.000000	1021.986526	384405104.594348
383699119.511570	23287435.716779	327556548.838316	189149010.539197	22800.000000	1021.986408	384405149.518340
383692959.750265	23389448.550545	328205194.919105	189523847.101401	22900.000000	1021.986289	384405194.638960
383686773.064865	23491459.743052	328853816.462699	189898671.302992	23000.000000	1021.986169	384405239.956206
383680559.455814	23593469.287142	329502413.570254	190273483.199772	23100.000000	1021.986049	384405285.470075
383674318.923557	23695477.175658	330150986.342375	190648282.847140	23200.000000	1021.985928	384405331.180562
383668051.468543	23797483.401441	330799534.879121	191023070.300094	23300.000000	1021.985807	384405377.087666
383661757.091220	23899487.957335	331448059.280008	191397845.613238	23400.000000	1021.985685	384405423.191382
383655435.792040	24001490.836182	332096559.644016	191772608.840783	23500.000000	1021.985563	384405469.491707
383649087.571457	24103492.030826	332745036.069583	192147360.036545	23600.000000	1021.985441	384405515.988639
383642712.429925	24205491.534110	333393488.654620	192522099.253956	23700.000000	1021.985317	384405562.682173
383636310.367902	24307489.338876	334041917.496505	192896826.546058	23800.000000	1021.985194	384405609.572307
383629881.385846	24409485.437969	334690322.692092	193271541.965511	23900.000000	1021.985069	384405656.659036
383623425.484218	24511479.824231	335338704.337712	193646245.564593	24000.000000	1021.984944	384405703.942358
383616942.663483	24613472.490507	335987062.529175	194020937.395206	24100.000000	1021.984819	384405751.422268
383610432.924104	24715463.429640	336635397.361776	194395617.508873	24200.000000	1021.984693	384405799.098765
383603896.266548	24817452.634473	337283708.930296	194770285.956745	24300.000000	1021.984567	384405846.971844
383597332.691284	24919440.097852	337931997.329006	195144942.789601	24400.000000	1021.984440	384405895.041502
383590742.198783	25021425.812620	338580262.651669	195519588.057853	24500.000000	1021.984313	384405943.307735
383584124.789518	25123409.771621	339228504.991543	195894221.811544	24600.000000	1021.984185	384405991.770541
383577480.463962	25225391.967699	339876724.441387	196268844.100357	24700.000000	1021.984056	384406040.429915
383570809.222592	25327372.393701	340524921.093460	196643454.973612	24800.000000	1021.983927	384406089.285853
383564111.065888	25429351.042469	341173095.039525	197018054.480271	24900.000000	1021.983798	384406138.338354
383557385.994328	25531327.906848	341821246.370853	197392642.668939	25000.000000	1021.983668	384406187.587412
383550634.008395	25633302.979685	342469375.178226	197767219.587869	25100.000000	1021.983537	384406237.033025
383543855.108574	25735276.253823	343117481.551937	198141785.284961	25200.000000	1021.983406	384406286.675189
383537049.295351	25837247.722108	343765565.581796	198516339.807768	25300.000000	1021.983275	384406336.513900
383530216.569213	25939217.377386	344413627.357132	198890883.203496	25400.000000	1021.983143	384406386.549156
383523356.930651	26041185.212501	345061666.966795	199265415.519007	25500.000000	1021.983010	384406436.780951
383516470.380156	26143151.220299	345709684.499157	199639936.800823	25600.000000	1021.982877	384406487.209282
383509556.918222	26245115.393627	346357680.042118	200014447.095124	25700.000000	1021.982743	384406537.834147
383502616.545345	26347077.725329	347005653.683109	200388946.447758	25800.000000	1021.982609	384406588.655542
383495649.262023	26449038.208253	347653605.509091	200763434.904237	25900.000000	1021.982475	384406639.673461
383488655.068756	26550996.835243	348301535.606558	201137912.509739	26000.000000	1021.982339	384406690.887903
383481633.966044	26652953.599147	348949444.061545	201512379.309117	26100.000000	1021.982204	384406742.298864
383474585.954391	26754908.492811	349597330.959623	201886835.346895	26200.000000	1021.982068	384406793.906339
383467511.034303	26856861.509082	350245196.385907	202261280.667273	26300.000000	1021.981931	384406845.710325
383460409.206287	26958812.640805	350893040.425056	202635715.314130	26400.000000	1021.981794	384406897.710818
383453280.470853	27060761.880828	351540863.161276	203010139.331024	26500.000000	1021.981656	384406949.907815
383446124.828511	27162709.221999	352188664.678324	203384552.761198	26600.000000	1021.981518	384407002.301312
383438942.279774	27264654.657163	352836445.059507	203758955.647580	26700.000000	1021.981379	384407054.891305
383431732.825159	27366598.179169	353484204.387688	204133348.032783	26800.000000	1021.981239	384407107.677790
383424496.465181	27468539.780864	354131942.745286	204507729.959113	26900.000000	1021.981100	384407160.660764
383417233.200359	27570479.455095	354779660.214280	204882101.468569	27000.000000	1021.980959	384407213.840222
383409943.031214	27672417.194711	355427356.876210	205256462.602842	27100.000000	1021.980818	384407267.216161
383402625.958270	27774352.992558	356075032.812182	205630813.403322	27200.000000	1021.980677	384407320.788578
383395281.982050	27876286.841485	356722688.102865	206005153.911100	27300.000000	1021.980535	384407374.557467
383387911.103082	27978218.734340	357370322.828499	206379484.166967	27400.000000	1021.980393	384407428.522826
383380513.321894	28080148.663972	358017937.068894	206753804.211418	27500.000000	1021.980250	384407482.684650
383373088.639016	28182076.623228	358665530.903436	207128114.084656	27600.000000	1021.980106	384407537.042936
383365637.054981	28284002.604958	359313104.411082	207502413.826594	27700.000000	1021.979962	384407591.597680
383358158.570323	28385926.602010	359960657.670370	207876703.476853	27800.000000	1021.979818	384407646.348877
383350653.185578	28487848.607233	360608190.759419	208250983.074771	27900.000000	1021.979673	384407701.296524
383343120.901285	28589768.613477	361255703.755926	208625252.659401	28000.000000	1021.979527	384407756.440618
383335561.717983	28691686.613589	361903196.737177	208999512.269513	28100.000000	1021.979381	384407811.781153
383327975.636216	28793602.600420	362550669.780044	209373761.943599	28200.000000	1021.979234	384407867.318126
383320362.656526	28895516.566819	363198122.960984	209748001.719874	28300.000000	1021.979087	384407923.051534
383312722.779459	28997428.505636	363845556.356052	210122231.636277	28400.000000	1021.978940	384407978.981371
383305056.005564	29099338.409720	364492970.040890	210496451.730476	28500.000000	1021.978792	384408035.107634
383297362.335390	29201246.271922	365140364.090739	210870662.039867	28600.000000	1021.978643	384408091.430319
383289641.769489	29303152.085091	365787738.580437	211244862.601580	28700.000000	1021.978494	384408147.949423
383281894.308415	29405055.842078	366435093.584422	211619053.452477	28800.000000	1021.978344	384408204.664940
383274119.952722	29506957.535733	367082429.176733	211993234.629159	28900.000000	1021.978194	384408261.576867
383266318.702969	29608857.158906	367729745.431012	212367406.167964	29000.000000	1021.978043	384408318.685200
383258490.559715	29710754.704449	368377042.420511	212741568.104970	29100.000000	1021.977892	384408375.989935
383250635.523521	29812650.165213	369024320.218088	213115720.476002	29200.000000	1021.977740	384408433.491067
383242753.594950	29914543.534047	369671578.896211	213489863.316626	29300.000000	1021.977588	384408491.188593
383234844.774569	30016434.803804	370318818.526959	213863996.662158	29400.000000	1021.977435	384408549.082508
383226909.062942	30118323.967335	370966039.182030	214238120.547664	29500.000000	1021.977282	384408607.172808
383218946.460641	30220211.017491	371613240.932734	214612235.007960	29600.000000	1021.977128	384408665.459489
383210956.968235	30322095.947124	372260423.850002	214986340.077619	29700.000000	1021.976973	384408723.942547
383202940.586298	30423978.749086	372907588.004386	215360435.790967	29800.000000	1021.976819	384408782.621977
383194897.315404	30525859.416229	373554733.466059	215734522.182091	29900.000000	1021.976663	384408841.497776
383186827.156130	30627737.941404	374201860.304819	216108599.284837	30000.000000	1021.976507	384408900.569939
383178730.109056	30729614.317464	374848968.590092	216482667.132814	30100.000000	1021.976351	384408959.838462
383170606.174760	30831488.537262	375496058.390933	216856725.759397	30200.000000	1021.976194	384409019.303341
383162455.353827	30933360.593650	376143129.776025	217230775.197726	30300.000000	1021.976036	384409078.964571
383154277.646839	31035230.479481	376790182.813688	217604815.480711	30400.000000	1021.975878	384409138.822149
383146073.054385	31137098.187607	377437217.571872	217978846.641034	30500.000000	1021.975720	384409198.876069
383137841.577052	31238963.710883	378084234.118167	218352868.711148	30600.000000	1021.975561	384409259.126327
383129583.215430	31340827.042160	378731232.519800	218726881.723282	30700.000000	1021.975401	384409319.572920
383121297.970111	31442688.174294	379378212.843642	219100885.709443	30800.000000	1021.975241	384409380.215843
383112985.841691	31544547.100136	380025175.156201	219474880.701418	30900.000000	1021.975081	384409441.055092
383104646.830763	31646403.812542	380672119.523634	219848866.730772	31000.000000	1021.974920	384409502.090661
383096280.937927	31748258.304364	381319046.011743	220222843.828856	31100.000000	1021.974758	384409563.322548
383087888.163783	31850110.568457	381965954.685979	220596812.026807	31200.000000	1021.974596	384409624.750747
383079468.508932	31951960.597675	382612845.611443	220970771.355546	31300.000000	1021.974433	384409686.375254
383071021.973978	32053808.384873	383259718.852888	221344721.845787	31400.000000	1021.974270	384409748.196065
383062548.559526	32155653.922905	383906574.474722	221718663.528032	31500.000000	1021.974106	384409810.213174
383054048.266184	32257497.204626	384553412.541008	222092596.432578	31600.000000	1021.973942	384409872.426578
383045521.094561	32359338.222891	385200233.115469	222466520.589517	31700.000000	1021.973777	384409934.836273
383036967.045271	32461176.970554	385847036.261486	222840436.028737	31800.000000	1021.973612	384409997.442253
383028386.118924	32563013.440472	386493822.042103	223214342.779926	31900.000000	1021.973446	384410060.244515
383019778.316137	32664847.625499	387140590.520027	223588240.872573	32000.000000	1021.973280	384410123.243054
383011143.637527	32766679.518492	387787341.757631	223962130.335967	32100.000000	1021.973113	384410186.437865
383002482.083713	32868509.112305	388434075.816956	224336011.199206	32200.000000	1021.972946	384410249.828943
382993793.655316	32970336.399796	389080792.759712	224709883.491192	32300.000000	1021.972778	384410313.416285
382985078.352959	33072161.373819	389727492.647279	225083747.240634	32400.000000	1021.972610	384410377.199886
382976336.177268	33173984.027232	390374175.540712	225457602.476053	32500.000000	1021.972441	384410441.179740
382967567.128868	33275804.352890	391020841.500741	225831449.225781	32600.000000	1021.972272	384410505.355844
382958771.208389	33377622.343651	391667490.587770	226205287.517965	32700.000000	1021.972102	384410569.728193
382949948.416461	33479437.992371	392314122.861885	226579117.380565	32800.000000	1021.971931	384410634.296783
382941098.753716	33581251.291908	392960738.382851	226952938.841361	32900.000000	1021.971760	384410699.061607
382932222.220790	33683062.235117	393607337.210115	227326751.927950	33000.000000	1021.971589	384410764.022663
382923318.818319	33784870.814857	394253919.402808	227700556.667751	33100.000000	1021.971417	384410829.179945
382914388.546942	33886677.023986	394900485.019748	228074353.088005	33200.000000	1021.971244	384410894.533449
382905431.407298	33988480.855360	395547034.119439	228448141.215778	33300.000000	1021.971071	384410960.083169
382896447.400030	34090282.301838	396193566.760076	228821921.077959	33400.000000	1021.970898	384411025.829103
382887436.525782	34192081.356278	396840082.999546	229195692.701269	33500.000000	1021.970724	384411091.771243
382878398.785200	34293878.011538	397486582.895426	229569456.112254	33600.000000	1021.970549	384411157.909587
382869334.178933	34395672.260476	398133066.504991	229943211.337294	33700.000000	1021.970374	384411224.244128
382860242.707629	34497464.095952	398779533.885212	230316958.402601	33800.000000	1021.970199	384411290.774863
382851124.371942	34599253.510823	399425985.092757	230690697.334220	33900.000000	1021.970022	384411357.501786
382841979.172525	34701040.497949	400072420.183995	231064428.158032	34000.000000	1021.969846	384411424.424894
382832807.110033	34802825.050188	400718839.214997	231438150.899756	34100.000000	1021.969669	384411491.544180
382823608.185124	34904607.160401	401365242.241539	231811865.584952	34200.000000	1021.969491	384411558.859641
382814382.398458	35006386.821447	402011629.319101	232185572.239016	34300.000000	1021.969313	384411626.371271
382805129.750696	35108164.026185	402658000.502869	232559270.887190	34400.000000	1021.969134	384411694.079065
382795850.242503	35209938.767475	403304355.847741	232932961.554558	34500.000000	1021.968955	384411761.983020
382786543.874541	35311711.038177	403950695.408324	233306644.266050	34600.000000	1021.968775	384411830.083128
382777210.647481	35413480.831151	404597019.238936	233680319.046441	34700.000000	1021.968595	384411898.379387
382767850.561990	35515248.139259	405243327.393612	234053985.920358	34800.000000	1021.968414	384411966.871791
382758463.618739	35617012.955360	405889619.926100	234427644.912273	34900.000000	1021.968233	384412035.560335
382749049.818402	35718775.272315	406535896.889868	234801296.046514	35000.000000	1021.968051	384412104.445013
382739609.161654	35820535.082986	407182158.338101	235174939.347256	35100.000000	1021.967869	384412173.525822
382730141.649172	35922292.380232	407828404.323706	235548574.838534	35200.000000	1021.967686	384412242.802757
382720647.281633	36024047.156917	408474634.899314	235922202.544235	35300.000000	1021.967502	384412312.275812
382711126.059720	36125799.405901	409120850.117275	236295822.488103	35400.000000	1021.967319	384412381.944982
382701577.984115	36227549.120045	409767050.029673	236669434.693743	35500.000000	1021.967134	384412451.810262
382692003.055502	36329296.292213	410413234.688312	237043039.184617	35600.000000	1021.966949	384412521.871648
382682401.274568	36431040.915266	411059404.144729	237416635.984048	35700.000000	1021.966764	384412592.129133
382672772.642002	36532782.982066	411705558.450191	237790225.115225	35800.000000	1021.966578	384412662.582715
382663117.158494	36634522.485475	412351697.655698	238163806.601197	35900.000000	1021.966391	384412733.232386
382653434.824735	36736259.418358	412997821.811983	238537380.464880	36000.000000	1021.966204	384412804.078143
382643725.641421	36837993.773575	413643930.969516	238910946.729056	36100.000000	1021.966017	384412875.119980
382633989.609247	36939725.543991	414290025.178504	239284505.416376	36200.000000	1021.965829	384412946.357891
382624226.728912	37041454.722468	414936104.488893	239658056.549357	36300.000000	1021.965640	384413017.791873
382614437.001116	37143181.301871	415582168.950368	240031600.150391	36400.000000	1021.965451	384413089.421919
382604620.426560	37244905.275062	416228218.612359	240405136.241738	36500.000000	1021.965262	384413161.248025
382594777.005948	37346626.634906	416874253.524038	240778664.845531	36600.000000	1021.965072	384413233.270185
382584906.739986	37448345.374267	417520273.734323	241152185.983781	36700.000000	1021.964881	384413305.488395
382575009.629382	37550061.486008	418166279.291878	241525699.678369	36800.000000	1021.964690	384413377.902649
382565085.674845	37651774.962995	418812270.245116	241899205.951057	36900.000000	1021.964498	384413450.512941
382555134.877087	37753485.798091	419458246.642200	242272704.823482	37000.000000	1021.964306	384413523.319268
382545157.236822	37855193.984162	420104208.531045	242646196.317162	37100.000000	1021.964113	384413596.321623
382535152.754764	37956899.514073	420750155.959320	243019680.453493	37200.000000	1021.963920	384413669.520001
382525121.431632	38058602.380689	421396088.974447	243393157.253755	37300.000000	1021.963726	384413742.914397
382515063.268144	38160302.576875	422042007.623604	243766626.739107	37400.000000	1021.963532	384413816.504806
382504978.265021	38262000.095498	422687911.953728	244140088.930595	37500.000000	1021.963337	384413890.291223
382494866.422987	38363694.929421	423333802.011515	244513543.849149	37600.000000	1021.963142	384413964.273641
382484727.742766	38465387.071513	423979677.843423	244886991.515583	37700.000000	1021.962946	384414038.452057
382474562.225086	38567076.514639	424625539.495668	245260431.950599	37800.000000	1021.962750	384414112.826464
382464369.870675	38668763.251665	425271387.014235	245633865.174788	37900.000000	1021.962553	384414187.396857
382454150.680265	38770447.275459	425917220.444872	246007291.208629	38000.000000	1021.962356	384414262.163232
382443904.654587	38872128.578886	426563039.833091	246380710.072492	38100.000000	1021.962158	384414337.125581
382433631.794376	38973807.154814	427208845.224178	246754121.786637	38200.000000	1021.961960	384414412.283901
382423332.100370	39075482.996110	427854636.663184	247127526.371216	38300.000000	1021.961761	384414487.638186
382413005.573306	39177156.095642	428500414.194932	247500923.846278	38400.000000	1021.961561	384414563.188430
382402652.213924	39278826.446277	429146177.864020	247874314.231761	38500.000000	1021.961362	384414638.934628
382392272.022968	39380494.040883	429791927.714818	248247697.547502	38600.000000	1021.961161	384414714.876774
382381865.001182	39482158.872328	430437663.791471	248621073.813232	38700.000000	1021.960960	384414791.014864
382371431.149310	39583820.933481	431083386.137901	248994443.048583	38800.000000	1021.960759	384414867.348891
382360970.468103	39685480.217209	431729094.797810	249367805.273079	38900.000000	1021.960557	384414943.878851
382350482.958309	39787136.716382	432374789.814678	249741160.506150	39000.000000	1021.960354	384415020.604737
382339968.620681	39888790.423869	433020471.231766	250114508.767122	39100.000000	1021.960151	384415097.526544
382329427.455972	39990441.332538	433666139.092120	250487850.075223	39200.000000	1021.959948	384415174.644267
382318859.464938	40092089.435258	434311793.438567	250861184.449582	39300.000000	1021.959744	384415251.957900
382308264.648337	40193734.724900	434957434.313719	251234511.909234	39400.000000	1021.959539	384415329.467438
382297643.006929	40295377.194333	435603061.759978	251607832.473114	39500.000000	1021.959334	384415407.172875
382286994.541474	40397016.836427	436248675.819531	251981146.160065	39600.000000	1021.959128	384415485.074204
382276319.252737	40498653.644052	436894276.534355	252354452.988833	39700.000000	1021.958922	384415563.171422
382265617.141483	40600287.610079	437539863.946218	252727752.978073	39800.000000	1021.958716	384415641.464522
382254888.208479	40701918.727377	438185438.096680	253101046.146344	39900.000000	1021.958508	384415719.953499
382244132.454495	40803546.988819	438830999.027094	253474332.512116	40000.000000	1021.958301	384415798.638347
382233349.880300	40905172.387274	439476546.778608	253847612.093767	40100.000000	1021.958092	384415877.519060
382222540.486670	41006794.915614	440122081.392167	254220884.909586	40200.000000	1021.957884	384415956.595633
382211704.274378	41108414.566711	440767602.908511	254594150.977770	40300.000000	1021.957675	384416035.868059
382200841.244202	41210031.333436	441413111.368181	254967410.316429	40400.000000	1021.957465	384416115.336335
382189951.396920	41311645.208660	442058606.811516	255340662.943587	40500.000000	1021.957255	384416195.000453
382179034.733313	41413256.185257	442704089.278657	255713908.877177	40600.000000	1021.957044	384416274.860408
382168091.254164	41514864.256098	443349558.809547	256087148.135050	40700.000000	1021.956832	384416354.916194
382157120.960257	41616469.414055	443995015.443934	256460380.734969	40800.000000	1021.956621	384416435.167805
382146123.852379	41718071.652002	444640459.221371	256833606.694613	40900.000000	1021.956408	384416515.615237
382135099.931319	41819670.962812	445285890.181214	257206826.031577	41000.000000	1021.956196	384416596.258482
382124049.197866	41921267.339357	445931308.362631	257580038.763374	41100.000000	1021.955982	384416677.097535
382112971.652813	42022860.774511	446576713.804595	257953244.907433	41200.000000	1021.955768	384416758.132391
382101867.296955	42124451.261148	447222106.545891	258326444.481103	41300.000000	1021.955554	384416839.363044
382090736.131087	42226038.792141	447867486.625115	258699637.501650	41400.000000	1021.955339	384416920.789488
382079578.156007	42327623.360364	448512854.080675	259072823.986260	41500.000000	1021.955124	384417002.411716
382068393.372515	42429204.958693	449158208.950793	259446003.952042	41600.000000	1021.954908	384417084.229723
382057181.781414	42530783.580000	449803551.273504	259819177.416023	41700.000000	1021.954691	384417166.243503
382045943.383507	42632359.217161	450448881.086663	260192344.395154	41800.000000	1021.954474	384417248.453051
382034678.179600	42733931.863051	451094198.427937	260565504.906306	41900.000000	1021.954257	384417330.858360
382023386.170499	42835501.510545	451739503.334815	260938658.966277	42000.000000	1021.954039	384417413.459425
382012067.357016	42937068.152518	452384795.844605	261311806.591784	42100.000000	1021.953820	384417496.256239
382000721.739962	43038631.781847	453030075.994434	261684947.799473	42200.000000	1021.953601	384417579.248797
381989349.320149	43140192.391405	453675343.821253	262058082.605912	42300.000000	1021.953382	384417662.437092
381977950.098394	43241749.974071	454320599.361834	262431211.027596	42400.000000	1021.953161	384417745.821120
381966524.075513	43343304.522720	454965842.652774	262804333.080946	42500.000000	1021.952941	384417829.400873
381955071.252326	43444856.030228	455611073.730496	263177448.782310	42600.000000	1021.952720	384417913.176346
381943591.629654	43546404.489473	456256292.631247	263550558.147963	42700.000000	1021.952498	384417997.147533
381932085.208320	43647949.893331	456901499.391105	263923661.194110	42800.000000	1021.952276	384418081.314428
381920551.989148	43749492.234679	457546694.045973	264296757.936882	42900.000000	1021.952053	384418165.677024
381908991.972966	43851031.506396	458191876.631586	264669848.392342	43000.000000	1021.951830	384418250.235316
381897405.160602	43952567.701357	458837047.183509	265042932.576481	43100.000000	1021.951606	384418334.989297
381885791.552888	44054100.812443	459482205.737138	265416010.505222	43200.000000	1021.951382	384418419.938963
381874151.150655	44155630.832529	460127352.327705	265789082.194417	43300.000000	1021.951157	384418505.084305
381862483.954739	44257157.754496	460772486.990271	266162147.659852	43400.000000	1021.950932	384418590.425319
381850789.965975	44358681.571221	461417609.759737	266535206.917244	43500.000000	1021.950706	384418675.961998
381839069.185202	44460202.275583	462062720.670836	266908259.982243	43600.000000	1021.950480	384418761.694337
381827321.613260	44561719.860461	462707819.758142	267281306.870431	43700.000000	1021.950253	384418847.622328
381815547.250992	44663234.318735	463352907.056064	267654347.597325	43800.000000	1021.950026	384418933.745966
381803746.099242	44764745.643284	463997982.598852	268027382.178377	43900.000000	1021.949798	384419020.065244
381791918.158856	44866253.826987	464643046.420596	268400410.628972	44000.000000	1021.949570	384419106.580157
381780063.430681	44967758.862726	465288098.555227	268773432.964431	44100.000000	1021.949341	384419193.290699
381768181.915568	45069260.743379	465933139.036518	269146449.200013	44200.000000	1021.949112	384419280.196862
381756273.614369	45170759.461828	466578167.898085	269519459.350909	44300.000000	1021.948882	384419367.298640
381744338.527936	45272255.010952	467223185.173391	269892463.432250	44400.000000	1021.948651	384419454.596029
381732376.657127	45373747.383634	467868190.895740	270265461.459104	44500.000000	1021.948421	384419542.089021
381720388.002798	45475236.572753	468513185.098286	270638453.446476	44600.000000	1021.948189	384419629.777610
381708372.565809	45576722.571192	469158167.814028	271011439.409310	44700.000000	1021.947957	384419717.661789
381696330.347021	45678205.371833	469803139.075814	271384419.362488	44800.000000	1021.947725	384419805.741553
381684261.347298	45779684.967556	470448098.916342	271757393.320831	44900.000000	1021.947492	384419894.016895
381672165.567505	45881161.351244	471093047.368158	272130361.299101	45000.000000	1021.947258	384419982.487809
381660043.008508	45982634.515780	471737984.463661	272503323.311999	45100.000000	1021.947024	384420071.154288
381647893.671178	46084104.454046	472382910.235101	272876279.374166	45200.000000	1021.946790	384420160.016327
381635717.556385	46185571.158924	473027824.714581	273249229.500187	45300.000000	1021.946555	384420249.073918
381623514.665002	46287034.623299	473672727.934059	273622173.704583	45400.000000	1021.946319	384420338.327055
381611284.997904	46388494.840053	474317619.925348	273995112.001824	45500.000000	1021.946083	384420427.775732
381599028.555967	46489951.802069	474962500.720113	274368044.406315	45600.000000	1021.945846	384420517.419943
381586745.340071	46591405.502232	475607370.349881	274740970.932409	45700.000000	1021.945609	384420607.259681
381574435.351096	46692855.933426	476252228.846033	275113891.594399	45800.000000	1021.945372	384420697.294939
381562098.589924	46794303.088535	476897076.239808	275486806.406524	45900.000000	1021.945133	384420787.525712
381549735.057440	46895746.960443	477541912.562307	275859715.382965	46000.000000	1021.944895	384420877.951992
381537344.754530	46997187.542035	478186737.844490	276232618.537849	46100.000000	1021.944656	384420968.573774
381524927.682083	47098624.826197	478831552.117178	276605515.885245	46200.000000	1021.944416	384421059.391050
381512483.840988	47200058.805813	479476355.411053	276978407.439171	46300.000000	1021.944176	384421150.403815
381500013.232138	47301489.473769	480121147.756661	277351293.213586	46400.000000	1021.943935	384421241.612061
381487515.856427	47402916.822951	480765929.184412	277724173.222400	46500.000000	1021.943694	384421333.015782
381474991.714750	47504340.846245	481410699.724579	278097047.479464	46600.000000	1021.943452	384421424.614972
381462440.808006	47605761.536536	482055459.407302	278469915.998580	46700.000000	1021.943210	384421516.409624
381449863.137094	47707178.886713	482700208.262587	278842778.793494	46800.000000	1021.942967	384421608.399732
381437258.702916	47808592.889660	483344946.320305	279215635.877901	46900.000000	1021.942724	384421700.585288
381424627.506376	47910003.538266	483989673.610198	279588487.265444	47000.000000	1021.942480	384421792.966287
381411969.548379	48011410.825418	484634390.161873	279961332.969713	47100.000000	1021.942235	384421885.542721
381399284.829833	48112814.744003	485279096.004811	280334173.004246	47200.000000	1021.941991	384421978.314584
381386573.351647	48214215.286908	485923791.168360	280707007.382532	47300.000000	1021.941745	384422071.281870
381373835.114731	48315612.447023	486568475.681739	281079836.118007	47400.000000	1021.941499	384422164.444571
381361070.120001	48417006.217234	487213149.574041	281452659.224057	47500.000000	1021.941253	384422257.802682
381348278.368369	48518396.590432	487857812.874231	281825476.714018	47600.000000	1021.941006	384422351.356195
381335459.860755	48619783.559503	488502465.611145	282198288.601176	47700.000000	1021.940759	384422445.105104
381322614.598075	48721167.117339	489147107.813498	282571094.898769	47800.000000	1021.940511	384422539.049401
381309742.581252	48822547.256827	489791739.509876	282943895.619983	47900.000000	1021.940262	384422633.189080
381296843.811209	48923923.970857	490436360.728742	283316690.777957	48000.000000	1021.940013	384422727.524135
381283918.288868	49025297.252319	491080971.498436	283689480.385780	48100.000000	1021.939764	384422822.054558
381270966.015158	49126667.094104	491725571.847175	284062264.456495	48200.000000	1021.939514	384422916.780344
381257986.991008	49228033.489101	492370161.803055	284435043.003095	48300.000000	1021.939263	384423011.701484
381244981.217346	49329396.430201	493014741.394049	284807816.038527	48400.000000	1021.939012	384423106.817972
381231948.695106	49430755.910295	493659310.648010	285180583.575688	48500.000000	1021.938761	384423202.129803
381218889.425223	49532111.922274	494303869.592673	285553345.627431	48600.000000	1021.938509	384423297.636968
381205803.408631	49633464.459029	494948418.255653	285926102.206560	48700.000000	1021.938256	384423393.339460
381192690.646270	49734813.513452	495592956.664445	286298853.325833	48800.000000	1021.938003	384423489.237274
381179551.139078	49836159.078435	496237484.846429	286671598.997964	48900.000000	1021.937749	384423585.330401
381166384.887999	49937501.146869	496882002.828868	287044339.235618	49000.000000	1021.937495	384423681.618836
381153191.893976	50038839.711648	497526510.638906	287417074.051416	49100.000000	1021.937240	384423778.102570
381139972.157955	50140174.765664	498171008.303576	287789803.457935	49200.000000	1021.936985	384423874.781598
381126725.680883	50241506.301810	498815495.849792	288162527.467702	49300.000000	1021.936730	384423971.655913
381113452.463711	50342834.312978	499459973.304356	288535246.093205	49400.000000	1021.936473	384424068.725507
381100152.507389	50444158.792063	500104440.693958	288907959.346885	49500.000000	1021.936217	384424165.990373
381086825.812871	50545479.731958	500748898.045172	289280667.241138	49600.000000	1021.935959	384424263.450505
381073472.381113	50646797.125558	501393345.384464	289653369.788317	49700.000000	1021.935702	384424361.105896
381060092.213072	50748110.965755	502037782.738184	290026067.000732	49800.000000	1021.935443	384424458.956539
381046685.309706	50849421.245446	502682210.132576	290398758.890649	49900.000000	1021.935185	384424557.002425
381033251.671977	50950727.957524	503326627.593771	290771445.470289	50000.000000	1021.934925	384424655.243549
381019791.300848	51052031.094884	503971035.147791	291144126.751833	50100.000000	1021.934666	384424753.679904
381006304.197284	51153330.650423	504615432.820551	291516802.747417	50200.000000	1021.934405	384424852.311482
380992790.362252	51254626.617034	505259820.637856	291889473.469135	50300.000000	1021.934144	384424951.138277
380979249.796720	51355918.987616	505904198.625405	292262138.929041	50400.000000	1021.933883	384425050.160280
380965682.501658	51457207.755062	506548566.808789	292634799.139143	50500.000000	1021.933621	384425149.377486
380952088.478041	51558492.912271	507192925.213493	293007454.111412	50600.000000	1021.933359	384425248.789887
380938467.726842	51659774.452137	507837273.864899	293380103.857773	50700.000000	1021.933096	384425348.397475
380924820.249038	51761052.367559	508481612.788280	293752748.390114	50800.000000	1021.932833	384425448.200245
380911146.045606	51862326.651434	509125942.008808	294125387.720278	50900.000000	1021.932569	384425548.198188
380897445.117528	51963597.296658	509770261.551551	294498021.860070	51000.000000	1021.932304	384425648.391297
380883717.465784	52064864.296131	510414571.441471	294870650.821253	51100.000000	1021.932039	384425748.779566
380869963.091360	52166127.642748	511058871.703431	295243274.615551	51200.000000	1021.931774	384425849.362987
380856181.995242	52267387.329410	511703162.362190	295615893.254646	51300.000000	1021.931508	384425950.141553
380842374.178417	52368643.349014	512347443.442408	295988506.750183	51400.000000	1021.931241	384426051.115256
380828539.641874	52469895.694460	512991714.968642	296361115.113764	51500.000000	1021.930974	384426152.284090
380814678.386607	52571144.358645	513635976.965350	296733718.356954	51600.000000	1021.930707	384426253.648046
380800790.413607	52672389.334471	514280229.456891	297106316.491278	51700.000000	1021.930439	384426355.207119
380786875.723872	52773630.614836	514924472.467523	297478909.528221	51800.000000	1021.930170	384426456.961300
380772934.318398	52874868.192640	515568706.021409	297851497.479231	51900.000000	1021.929901	384426558.910583
380758966.198184	52976102.060784	516212930.142612	298224080.355717	52000.000000	1021.929632	384426661.054960
380744971.364233	53077332.212168	516857144.855097	298596658.169048	52100.000000	1021.929361	384426763.394423
380730949.817547	53178558.639692	517501350.182735	298969230.930556	52200.000000	1021.929091	384426865.928966
380716901.559132	53279781.336258	518145546.149299	299341798.651536	52300.000000	1021.928820	384426968.658580
380702826.589993	53381000.294767	518789732.778466	299714361.343244	52400.000000	1021.928548	384427071.583259
380688724.911141	53482215.508121	519433910.093821	300086919.016897	52500.000000	1021.928276	384427174.702996
380674596.523586	53583426.969222	520078078.118850	300459471.683679	52600.000000	1021.928003	384427278.017782
380660441.428342	53684634.670971	520722236.876949	300832019.354732	52700.000000	1021.927730	384427381.527611
380646259.626421	53785838.606271	521366386.391420	301204562.041164	52800.000000	1021.927456	384427485.232475
380632051.118842	53887038.768024	522010526.685470	301577099.754045	52900.000000	1021.927182	384427589.132366
380617815.906623	53988235.149135	522654657.782216	301949632.504409	53000.000000	1021.926907	384427693.227278
380603553.990784	54089427.742506	523298779.704681	302322160.303253	53100.000000	1021.926632	384427797.517202
380589265.372347	54190616.541040	523942892.475800	302694683.161539	53200.000000	1021.926356	384427902.002132
380574950.052337	54291801.537642	524586996.118415	303067201.090190	53300.000000	1021.926080	384428006.682059
380560608.031779	54392982.725215	525231090.655277	303439714.100097	53400.000000	1021.925803	384428111.556976
380546239.311703	54494160.096664	525875176.109048	303812222.202113	53500.000000	1021.925526	384428216.626877
380531843.893138	54595333.644894	526519252.502304	304184725.407055	53600.000000	1021.925248	384428321.891752
380517421.777115	54696503.362810	527163319.857527	304557223.725706	53700.000000	1021.924970	384428427.351595
380502972.964669	54797669.243316	527807378.197114	304929717.168814	53800.000000	1021.924691	384428533.006398
380488497.456835	54898831.279319	528451427.543373	305302205.747091	53900.000000	1021.924412	384428638.856153
380473995.254650	54999989.463724	529095467.918527	305674689.471214	54000.000000	1021.924132	384428744.900854
380459466.359156	55101143.789438	529739499.344709	306047168.351828	54100.000000	1021.923851	384428851.140492
380444910.771393	55202294.249366	530383521.843968	306419642.399540	54200.000000	1021.923570	384428957.575059
380430328.492403	55303440.836416	531027535.438266	306792111.624925	54300.000000	1021.923289	384429064.204548
380415719.523233	55404583.543495	531671540.149481	307164576.038523	54400.000000	1021.923007	384429171.028952
380401083.864930	55505722.363509	532315535.999405	307537035.650840	54500.000000	1021.922725	384429278.048263
380386421.518543	55606857.289367	532959523.009746	307909490.472348	54600.000000	1021.922442	384429385.262472
380371732.485122	55707988.313976	533603501.202129	308281940.513487	54700.000000	1021.922158	384429492.671573
380357016.765721	55809115.430244	534247470.598095	308654385.784661	54800.000000	1021.921874	384429600.275559
380342274.361395	55910238.631081	534891431.219100	309026826.296243	54900.000000	1021.921590	384429708.074419
380327505.273200	56011357.909394	535535383.086521	309399262.058571	55000.000000	1021.921305	384429816.068149
380312709.502195	56112473.258092	536179326.221651	309771693.081951	55100.000000	1021.921019	384429924.256738
380297887.049441	56213584.670086	536823260.645700	310144119.376656	55200.000000	1021.920733	384430032.640180
380283037.915999	56314692.138284	537467186.379801	310516540.952927	55300.000000	1021.920447	384430141.218467
380268162.102935	56415795.655597	538111103.445003	310888957.820971	55400.000000	1021.920160	384430249.991592
380253259.611315	56516895.214934	538755011.862274	311261369.990964	55500.000000	1021.919872	384430358.959546
380238330.442206	56617990.809207	539398911.652506	311633777.473048	55600.000000	1021.919584	384430468.122322
380223374.596679	56719082.431326	540042802.836507	312006180.277336	55700.000000	1021.919295	384430577.479911
380208392.075806	56820170.074201	540686685.435010	312378578.413906	55800.000000	1021.919006	384430687.032307
380193382.880661	56921253.730746	541330559.468667	312750971.892805	55900.000000	1021.918716	384430796.779500
380178347.012321	57022333.393870	541974424.958053	313123360.724050	56000.000000	1021.918426	384430906.721484
380163284.471861	57123409.056487	542618281.923664	313495744.917624	56100.000000	1021.918136	384431016.858250
380148195.260363	57224480.711509	543262130.385922	313868124.483481	56200.000000	1021.917844	384431127.189791
380133079.378908	57325548.351847	543905970.365168	314240499.431542	56300.000000	1021.917553	384431237.716098
380117936.828579	57426611.970416	544549801.881668	314612869.771697	56400.000000	1021.917260	384431348.437164
380102767.610461	57527671.560127	545193624.955612	314985235.513808	56500.000000	1021.916968	384431459.352980
380087571.725642	57628727.113896	545837439.607117	315357596.667701	56600.000000	1021.916674	384431570.463539
380072349.175211	57729778.624634	546481245.856221	315729953.243177	56700.000000	1021.916381	384431681.768833
380057099.960260	57830826.085258	547125043.722888	316102305.250002	56800.000000	1021.916086	384431793.268853
380041824.081880	57931869.488680	547768833.227009	316474652.697915	56900.000000	1021.915792	384431904.963592
380026521.541168	58032908.827816	548412614.388401	316846995.596622	57000.000000	1021.915496	384432016.853042
380011192.339221	58133944.095581	549056387.226805	317219333.955800	57100.000000	1021.915201	384432128.937195
379995836.477136	58234975.284890	549700151.761891	317591667.785096	57200.000000	1021.914904	384432241.216044
379980453.956015	58336002.388659	550343908.013254	317963997.094129	57300.000000	1021.914607	384432353.689578
379965044.776959	58437025.399803	550987656.000421	318336321.892486	57400.000000	1021.914310	384432466.357791
379949608.941074	58538044.311238	551631395.742842	318708642.189724	57500.000000	1021.914012	384432579.220674
379934146.449467	58639059.115883	552275127.259897	319080957.995372	57600.000000	1021.913714	384432692.278220
379918657.303244	58740069.806652	552918850.570896	319453269.318930	57700.000000	1021.913415	384432805.530421
379903141.503517	58841076.376463	553562565.695075	319825576.169868	57800.000000	1021.913115	384432918.977268
379887599.051398	58942078.818235	554206272.651602	320197878.557626	57900.000000	1021.912816	384433032.618752
379872029.948000	59043077.124884	554849971.459575	320570176.491617	58000.000000	1021.912515	384433146.454867
379856434.194440	59144071.289328	555493662.138020	320942469.981224	58100.000000	1021.912214	384433260.485603
379840811.791835	59245061.304487	556137344.705895	321314759.035802	58200.000000	1021.911913	384433374.710954
379825162.741305	59346047.163278	556781019.182088	321687043.664676	58300.000000	1021.911611	384433489.130909
379809487.043972	59447028.858620	557424685.585418	322059323.877145	58400.000000	1021.911308	384433603.745462
379793784.700960	59548006.383434	558068343.934639	322431599.682478	58500.000000	1021.911005	384433718.554604
379778055.713393	59648979.730639	558711994.248433	322803871.089916	58600.000000	1021.910702	384433833.558327
379762300.082400	59749948.893153	559355636.545415	323176138.108671	58700.000000	1021.910398	384433948.756622
379746517.809109	59850913.863899	559999270.844134	323548400.747930	58800.000000	1021.910093	384434064.149482
379730708.894652	59951874.635796	560642897.163070	323920659.016848	58900.000000	1021.909788	384434179.736897
379714873.340161	60052831.201766	561286515.520639	324292912.924557	59000.000000	1021.909482	384434295.518861
379699011.146773	60153783.554728	561930125.935187	324665162.480157	59100.000000	1021.909176	384434411.495364
379683122.315623	60254731.687606	562573728.424998	325037407.692722	59200.000000	1021.908870	384434527.666397
379667206.847851	60355675.593321	563217323.008287	325409648.571301	59300.000000	1021.908563	384434644.031954
379651264.744597	60456615.264794	563860909.703206	325781885.124913	59400.000000	1021.908255	384434760.592025
379635296.007005	60557550.694949	564504488.527843	326154117.362550	59500.000000	1021.907947	384434877.346603
379619300.636218	60658481.876708	565148059.500217	326526345.293179	59600.000000	1021.907638	384434994.295678
379603278.633383	60759408.802994	565791622.638286	326898568.925737	59700.000000	1021.907329	384435111.439243
379587229.999648	60860331.466730	566435177.959944	327270788.269136	59800.000000	1021.907019	384435228.777289
379571154.736164	60961249.860841	567078725.483019	327643003.332262	59900.000000	1021.906709	384435346.309807
379555052.844083	61062163.978251	567722265.225278	328015214.123974	60000.000000	1021.906399	384435464.036789
379538924.324558	61163073.811883	568365797.204425	328387420.653102	60100.000000	1021.906087	384435581.958227
379522769.178746	61263979.354663	569009321.438098	328759622.928454	60200.000000	1021.905776	384435700.074112
379506587.407806	61364880.599515	569652837.943877	329131820.958808	60300.000000	1021.905463	384435818.384436
379490379.012895	61465777.539365	570296346.739278	329504014.752917	60400.000000	1021.905151	384435936.889190
379474143.995177	61566670.167138	570939847.841755	329876204.319509	60500.000000	1021.904837	384436055.588367
379457882.355815	61667558.475761	571583341.268699	330248389.667286	60600.000000	1021.904524	384436174.481956
379441594.095974	61768442.458159	572226827.037442	330620570.804922	60700.000000	1021.904209	384436293.569950
379425279.216823	61869322.107260	572870305.165255	330992747.741067	60800.000000	1021.903894	384436412.852341
379408937.719528	61970197.415990	573513775.669349	331364920.484346	60900.000000	1021.903579	384436532.329119
379392569.605264	62071068.377276	574157238.566873	331737089.043356	61000.000000	1021.903263	384436652.000277
379376174.875202	62171934.984046	574800693.874916	332109253.426670	61100.000000	1021.902947	384436771.865804
379359753.530518	62272797.229229	575444141.610510	332481413.642837	61200.000000	1021.902630	384436891.925694
379343305.572388	62373655.105751	576087581.790624	332853569.700379	61300.000000	1021.902313	384437012.179937
379326831.001991	62474508.606543	576731014.432170	333225721.607793	61400.000000	1021.901995	384437132.628525
379310329.820509	62575357.724532	577374439.552002	333597869.373552	61500.000000	1021.901676	384437253.271449
379293802.029123	62676202.452648	578017857.166914	333970013.006103	61600.000000	1021.901358	384437374.108701
379277247.629019	62777042.783821	578661267.293641	334342152.513868	61700.000000	1021.901038	384437495.140271
379260666.621382	62877878.710979	579304669.948863	334714287.905246	61800.000000	1021.900718	384437616.366151
379244059.007402	62978710.227055	579948065.149200	335086419.188609	61900.000000	1021.900398	384437737.786333
379227424.788269	63079537.324977	580591452.911215	335458546.372307	62000.000000	1021.900077	384437859.400807
379210763.965174	63180359.997678	581234833.251414	335830669.464663	62100.000000	1021.899755	384437981.209566
379194076.539312	63281178.238087	581878206.186247	336202788.473977	62200.000000	1021.899433	384438103.212600
379177362.511878	63381992.039137	582521571.732106	336574903.408525	62300.000000	1021.899111	384438225.409901
379160621.884072	63482801.393760	583164929.905329	336947014.276559	62400.000000	1021.898788	384438347.801459
379143854.657092	63583606.294887	583808280.722196	337319121.086305	62500.000000	1021.898464	384438470.387267
379127060.832140	63684406.735452	584451624.198930	337691223.845967	62600.000000	1021.898140	384438593.167314
379110240.410420	63785202.708386	585094960.351704	338063322.563725	62700.000000	1021.897816	384438716.141593
379093393.393137	63885994.206624	585738289.196629	338435417.247735	62800.000000	1021.897491	384438839.310095
379076519.781500	63986781.223099	586381610.749767	338807507.906128	62900.000000	1021.897165	384438962.672810
379059619.576716	64087563.750745	587024925.027122	339179594.547013	63000.000000	1021.896839	384439086.229731
379042692.779998	64188341.782495	587668232.044643	339551677.178475	63100.000000	1021.896512	384439209.980847
379025739.392558	64289115.311284	588311531.818228	339923755.808575	63200.000000	1021.896185	384439333.926151
379008759.415611	64389884.330048	588954824.363719	340295830.445352	63300.000000	1021.895858	384439458.065633
378991752.850375	64490648.831721	589598109.696903	340667901.096820	63400.000000	1021.895529	384439582.399285
378974719.698068	64591408.809240	590241387.833518	341039967.770972	63500.000000	1021.895201	384439706.927096
378957659.959912	64692164.255539	590884658.789244	341412030.475775	63600.000000	1021.894872	384439831.649060
378940573.637128	64792915.163555	591527922.579713	341784089.219177	63700.000000	1021.894542	384439956.565167
378923460.730941	64893661.526225	592171179.220499	342156144.009099	63800.000000	1021.894212	384440081.675407
378906321.242578	64994403.336485	592814428.727129	342528194.853442	63900.000000	1021.893881	384440206.979772
378889155.173267	65095140.587273	593457671.115074	342900241.760083	64000.000000	1021.893550	384440332.478252
378871962.524239	65195873.271527	594100906.399756	343272284.736877	64100.000000	1021.893218	384440458.170840
378854743.296725	65296601.382184	594744134.596542	343644323.791656	64200.000000	1021.892886	384440584.057525
378837497.491959	65397324.912182	595387355.720751	344016358.932229	64300.000000	1021.892553	384440710.138299
378820225.111178	65498043.854460	596030569.787649	344388390.166384	64400.000000	1021.892220	384440836.413152
378802926.155619	65598758.201958	596673776.812452	344760417.501887	64500.000000	1021.891886	384440962.882077
378785600.626522	65699467.947613	597316976.810325	345132440.946480	64600.000000	1021.891552	384441089.545063
378768248.525130	65800173.084367	597960169.796381	345504460.507883	64700.000000	1021.891217	384441216.402101
378750869.852684	65900873.605159	598603355.785686	345876476.193795	64800.000000	1021.890882	384441343.453183
378733464.610432	66001569.502929	599246534.793252	346248488.011894	64900.000000	1021.890546	384441470.698299
378716032.799620	66102260.770618	599889706.834048	346620495.969833	65000.000000	1021.890210	384441598.137441
378698574.421498	66202947.401167	600532871.922985	346992500.075246	65100.000000	1021.889873	384441725.770599
378681089.477316	66303629.387517	601176030.074932	347364500.335744	65200.000000	1021.889535	384441853.597763
378663577.968328	66404306.722610	601819181.304704	347736496.758918	65300.000000	1021.889198	384441981.618925
378646039.895789	66504979.399388	602462325.627070	348108489.352334	65400.000000	1021.888859	384442109.834077
378628475.260955	66605647.410794	603105463.056749	348480478.123540	65500.000000	1021.888520	384442238.243207
378610884.065086	66706310.749770	603748593.608412	348852463.080061	65600.000000	1021.888181	384442366.846308
378593266.309442	66806969.409259	604391717.296683	349224444.229402	65700.000000	1021.887841	384442495.643369
378575621.995286	66907623.382205	605034834.136138	349596421.579044	65800.000000	1021.887501	384442624.634382
378557951.123882	67008272.661552	605677944.141302	349968395.136449	65900.000000	1021.887160	384442753.819338
378540253.696497	67108917.240243	606321047.326658	350340364.909058	66000.000000	1021.886818	384442883.198227
378522529.714398	67209557.111223	606964143.706637	350712330.904291	66100.000000	1021.886476	384443012.771040
378504779.178857	67310192.267438	607607233.295624	351084293.129545	66200.000000	1021.886134	384443142.537768
378487002.091144	67410822.701832	608250316.107960	351456251.592200	66300.000000	1021.885791	384443272.498401
378469198.452536	67511448.407350	608893392.157936	351828206.299610	66400.000000	1021.885447	384443402.652930
378451368.264306	67612069.376940	609536461.459798	352200157.259114	66500.000000	1021.885103	384443533.001346
378433511.527733	67712685.603546	610179524.027746	352572104.478025	66600.000000	1021.884759	384443663.543640
378415628.244096	67813297.080116	610822579.875935	352944047.963641	66700.000000	1021.884414	384443794.279801
378397718.414678	67913903.799596	611465629.018471	353315987.723234	66800.000000	1021.884068	384443925.209821
378379782.040762	68014505.754934	612108671.469418	353687923.764060	66900.000000	1021.883722	384444056.333691
378361819.123632	68115102.939078	612751707.242791	354059856.093352	67000.000000	1021.883376	384444187.651400
378343829.664576	68215695.344975	613394736.352565	354431784.718324	67100.000000	1021.883028	384444319.162940
378325813.664885	68316282.965575	614037758.812665	354803709.646169	67200.000000	1021.882681	384444450.868301
378307771.125848	68416865.793825	614680774.636976	355175630.884061	67300.000000	1021.882333	384444582.767474
378289702.048758	68517443.822675	615323783.839332	355547548.439153	67400.000000	1021.881984	384444714.860448
378271606.434911	68618017.045074	615966786.433528	355919462.318579	67500.000000	1021.881635	384444847.147216
378253484.285604	68718585.453973	616609782.433314	356291372.529451	67600.000000	1021.881285	384444979.627767
378235335.602134	68819149.042321	617252771.852394	356663279.078865	67700.000000	1021.880935	384445112.302092
378217160.385802	68919707.803068	617895754.704431	357035181.973892	67800.000000	1021.880585	384445245.170180
378198958.637912	69020261.729167	618538731.003041	357407081.221589	67900.000000	1021.880233	384445378.232024
378180730.359767	69120810.813568	619181700.761800	357778976.828989	68000.000000	1021.879882	384445511.487613
378162475.552674	69221355.049222	619824663.994240	358150868.803109	68100.000000	1021.879530	384445644.936937
378144194.217941	69321894.429082	620467620.713849	358522757.150942	68200.000000	1021.879177	384445778.579988
378125886.356878	69422428.946100	621110570.934072	358894641.879466	68300.000000	1021.878824	384445912.416754
378107551.970796	69522958.593229	621753514.668314	359266522.995637	68400.000000	1021.878470	384446046.447228
378089191.061011	69623483.363422	622396451.929932	359638400.506394	68500.000000	1021.878116	384446180.671400
378070803.628837	69724003.249632	623039382.732249	360010274.418655	68600.000000	1021.877761	384446315.089258
378052389.675592	69824518.244813	623682307.088538	360382144.739319	68700.000000	1021.877406	384446449.700795
378033949.202596	69925028.341919	624325225.012035	360754011.475267	68800.000000	1021.877050	384446584.506001
378015482.211171	70025533.533905	624968136.515932	361125874.633360	68900.000000	1021.876694	384446719.504865
377996988.702639	70126033.813726	625611041.613381	361497734.220440	69000.000000	1021.876337	384446854.697378
377978468.678326	70226529.174337	626253940.317492	361869590.243332	69100.000000	1021.875980	384446990.083530
377959922.139559	70327019.608694	626896832.641334	362241442.708840	69200.000000	1021.875622	384447125.663313
377941349.087667	70427505.109752	627539718.597936	362613291.623750	69300.000000	1021.875263	384447261.436715
377922749.523981	70527985.670469	628182598.200283	362985136.994829	69400.000000	1021.874905	384447397.403727
377904123.449834	70628461.283800	628825471.461324	363356978.828828	69500.000000	1021.874545	384447533.564340
377885470.866561	70728931.942703	629468338.393963	363728817.132475	69600.000000	1021.874185	384447669.918544
377866791.775497	70829397.640135	630111199.011068	364100651.912484	69700.000000	1021.873825	384447806.466329
377848086.177983	70929858.369055	630754053.325463	364472483.175547	69800.000000	1021.873464	384447943.207684
377829354.075358	71030314.122420	631396901.349936	364844310.928339	69900.000000	1021.873103	384448080.142601
377810595.468965	71130764.893189	632039743.097232	365216135.177518	70000.000000	1021.872741	384448217.271070
377791810.360148	71231210.674322	632682578.580057	365587955.929723	70100.000000	1021.872379	384448354.593081
377772998.750252	71331651.458776	633325407.811079	365959773.191574	70200.000000	1021.872016	384448492.108624
377754160.640626	71432087.239513	633968230.802928	366331586.969674	70300.000000	1021.871652	384448629.817688
377735296.032621	71532518.009493	634611047.568191	366703397.270607	70400.000000	1021.871288	384448767.720265
377716404.927587	71632943.761674	635253858.119419	367075204.100940	70500.000000	1021.870924	384448905.816344
377697487.326878	71733364.489020	635896662.469123	367447007.467222	70600.000000	1021.870559	384449044.105915
377678543.231851	71833780.184490	636539460.629777	367818807.375984	70700.000000	1021.870193	384449182.588969
377659572.643861	71934190.841046	637182252.613815	368190603.833739	70800.000000	1021.869827	384449321.265495
377640575.564270	72034596.451651	637825038.433632	368562396.846983	70900.000000	1021.869461	384449460.135484
377621551.994438	72134997.009266	638467818.101589	368934186.422192	71000.000000	1021.869094	384449599.198926
377602501.935729	72235392.506855	639110591.630003	369305972.565829	71100.000000	1021.868726	384449738.455811
377583425.389507	72335782.937380	639753359.031160	369677755.284336	71200.000000	1021.868358	384449877.906129
377564322.357139	72436168.293805	640396120.317303	370049534.584137	71300.000000	1021.867990	384450017.549869
377545192.839995	72536548.569094	641038875.500641	370421310.471642	71400.000000	1021.867621	384450157.387022
377526036.839445	72636923.756211	641681624.593344	370793082.953240	71500.000000	1021.867251	384450297.417577
377506854.356861	72737293.848121	642324367.607546	371164852.035306	71600.000000	1021.866881	384450437.641526
377487645.393619	72837658.837788	642967104.555342	371536617.724195	71700.000000	1021.866511	384450578.058856
377468409.951095	72938018.718179	643609835.448792	371908380.026247	71800.000000	1021.866140	384450718.669560
377449148.030666	73038373.482258	644252560.299919	372280138.947783	71900.000000	1021.865768	384450859.473626
377429859.633714	73138723.122992	644895279.120711	372651894.495108	72000.000000	1021.865396	384451000.471044
377410544.761620	73239067.633348	645537991.923116	373023646.674511	72100.000000	1021.865023	384451141.661805
377391203.415769	73339407.006292	646180698.719050	373395395.492262	72200.000000	1021.864650	384451283.045898
377371835.597546	73439741.234792	646823399.520389	373767140.954616	72300.000000	1021.864276	384451424.623313
377352441.308340	73540070.311815	647466094.338977	374138883.067809	72400.000000	1021.863902	384451566.394039
377333020.549539	73640394.230329	648108783.186620	374510621.838064	72500.000000	1021.863528	384451708.358068
377313573.322536	73740712.983303	648751466.075088	374882357.271583	72600.000000	1021.863152	384451850.515388
377294099.628724	73841026.563706	649394143.016117	375254089.374555	72700.000000	1021.862777	384451992.865990
377274599.469498	73941334.964507	650036814.021407	375625818.153149	72800.000000	1021.862401	384452135.409863
377255072.846256	74041638.178676	650679479.102623	375997543.613521	72900.000000	1021.862024	384452278.146997
377235519.760397	74141936.199182	651322138.271395	376369265.761808	73000.000000	1021.861647	384452421.077381
377215940.213321	74242229.018996	651964791.539318	376740984.604132	73100.000000	1021.861269	384452564.201006
377196334.206433	74342516.631088	652607438.917953	377112700.146598	73200.000000	1021.860891	384452707.517862
377176701.741136	74442799.028430	653250080.418826	377484412.395294	73300.000000	1021.860512	384452851.027937
377157042.818837	74543076.203994	653892716.053428	377856121.356293	73400.000000	1021.860133	384452994.731222
377137357.440947	74643348.150751	654535345.833217	378227827.035652	73500.000000	1021.859753	384453138.627706
377117645.608873	74743614.861673	655177969.769615	378599529.439410	73600.000000	1021.859373	384453282.717380
377097907.324030	74843876.329734	655820587.874012	378971228.573593	73700.000000	1021.858992	384453427.000233
377078142.587831	74944132.547907	656463200.157763	379342924.444208	73800.000000	1021.858611	384453571.476253
377058351.401692	75044383.509164	657105806.632191	379714617.057248	73900.000000	1021.858229	384453716.145432
377038533.767032	75144629.206480	657748407.308581	380086306.418689	74000.000000	1021.857847	384453861.007759
377018689.685272	75244869.632829	658391002.198189	380457992.534492	74100.000000	1021.857464	384454006.063223
376998819.157831	75345104.781186	659033591.312237	380829675.410602	74200.000000	1021.857081	384454151.311814
376978922.186135	75445334.644526	659676174.661913	381201355.052946	74300.000000	1021.856697	384454296.753521
376958998.771609	75545559.215824	660318752.258370	381573031.467440	74400.000000	1021.856312	384454442.388335
376939048.915680	75645778.488057	660961324.112733	381944704.659980	74500.000000	1021.855928	384454588.216244
376919072.619779	75745992.454200	661603890.236089	382316374.636448	74600.000000	1021.855542	384454734.237239
376899069.885336	75846201.107230	662246450.639498	382688041.402712	74700.000000	1021.855156	384454880.451308
376879040.713784	75946404.440124	662889005.333982	383059704.964622	74800.000000	1021.854770	384455026.858442
376858985.106560	76046602.445860	663531554.330533	383431365.328014	74900.000000	1021.854383	384455173.458629
376838903.065098	76146795.117416	664174097.640111	383803022.498707	75000.000000	1021.853996	384455320.251860
376818794.590840	76246982.447769	664816635.273643	384174676.482508	75100.000000	1021.853608	384455467.238124
376798659.685225	76347164.429898	665459167.242026	384546327.285206	75200.000000	1021.853219	384455614.417410
376778498.349696	76447341.056783	666101693.556122	384917974.912576	75300.000000	1021.852830	384455761.789707
376758310.585698	76547512.321403	666744214.226764	385289619.370376	75400.000000	1021.852441	384455909.355006
376738096.394677	76647678.216737	667386729.264753	385661260.664351	75500.000000	1021.852051	384456057.113295
376717855.778082	76747838.735767	668029238.680858	386032898.800230	75600.000000	1021.851661	384456205.064565
376697588.737362	76847993.871472	668671742.485816	386404533.783727	75700.000000	1021.851270	384456353.208803
376677295.273970	76948143.616833	669314240.690332	386776165.620542	75800.000000	1021.850878	384456501.546001
376656975.389360	77048287.964833	669956733.305085	387147794.316359	75900.000000	1021.850486	384456650.076147
376636629.084988	77148426.908453	670599220.340716	387519419.876846	76000.000000	1021.850094	384456798.799230
376616256.362311	77248560.440675	671241701.807840	387891042.307660	76100.000000	1021.849701	384456947.715240
376595857.222790	77348688.554482	671884177.717040	388262661.614438	76200.000000	1021.849307	384457096.824166
376575431.667885	77448811.242856	672526648.078868	388634277.802807	76300.000000	1021.848913	384457246.125997
376554979.699061	77548928.498782	673169112.903845	389005890.878377	76400.000000	1021.848519	384457395.620724
376534501.317783	77649040.315244	673811572.202464	389377500.846744	76500.000000	1021.848124	384457545.308335
376513996.525518	77749146.685225	674454025.985185	389749107.713488	76600.000000	1021.847728	384457695.188819
376493465.323735	77849247.601710	675096474.262439	390120711.484177	76700.000000	1021.847332	384457845.262165
376472907.713905	77949343.057685	675738917.044628	390492312.164363	76800.000000	1021.846935	384457995.528364
376452323.697502	78049433.046134	676381354.342121	390863909.759584	76900.000000	1021.846538	384458145.987403
376431713.275999	78149517.560045	677023786.165262	391235504.275363	77000.000000	1021.846141	384458296.639273
376411076.450873	78249596.592402	677666212.524362	391607095.717209	77100.000000	1021.845743	384458447.483963
376390413.223604	78349670.136193	678308633.429702	391978684.090617	77200.000000	1021.845344	384458598.521461
376369723.595672	78449738.184405	678951048.891536	392350269.401068	77300.000000	1021.844945	384458749.751757
376349007.568558	78549800.730026	679593458.920088	392721851.654028	77400.000000	1021.844545	384458901.174840
376328265.143748	78649857.766043	680235863.525551	393093430.854949	77500.000000	1021.844145	384459052.790700
376307496.322727	78749909.285445	680878262.718091	393465007.009270	77600.000000	1021.843745	384459204.599324
376286701.106983	78849955.281220	681520656.507844	393836580.122414	77700.000000	1021.843344	384459356.600703
376265879.498007	78949995.746359	682163044.904918	394208150.199792	77800.000000	1021.842942	384459508.794826
376245031.497290	79050030.673849	682805427.919391	394579717.246799	77900.000000	1021.842540	384459661.181682
376224157.106326	79150060.056683	683447805.561314	394951281.268819	78000.000000	1021.842137	384459813.761259
376203256.326610	79250083.887849	684090177.840708	395322842.271219	78100.000000	1021.841734	384459966.533547
376182329.159640	79350102.160339	684732544.767567	395694400.259354	78200.000000	1021.841330	384460119.498535
376161375.606915	79450114.867144	685374906.351855	396065955.238564	78300.000000	1021.840926	384460272.656212
376140395.669936	79550122.001256	686017262.603510	396437507.214177	78400.000000	1021.840521	384460426.006567
376119389.350207	79650123.555666	686659613.532439	396809056.191507	78500.000000	1021.840116	384460579.549589
376098356.649233	79750119.523368	687301959.148523	397180602.175852	78600.000000	1021.839710	384460733.285267
376077297.568520	79850109.897354	687944299.461617	397552145.172500	78700.000000	1021.839304	384460887.213590
376056212.109577	79950094.670617	688586634.481544	397923685.186722	78800.000000	1021.838898	384461041.334547
376035100.273915	80050073.836152	689228964.218101	398295222.223778	78900.000000	1021.838490	384461195.648126
376013962.063046	80150047.386953	689871288.681060	398666756.288913	79000.000000	1021.838083	384461350.154318
375992797.478486	80250015.316014	690513607.880163	399038287.387359	79100.000000	1021.837674	384461504.853110
375971606.521749	80349977.616329	691155921.825125	399409815.524335	79200.000000	1021.837266	384461659.744492
375950389.194355	80449934.280896	691798230.525633	399781340.705048	79300.000000	1021.836856	384461814.828452
375929145.497823	80549885.302709	692440533.991350	400152862.934689	79400.000000	1021.836447	384461970.104981
375907875.433676	80649830.674764	693082832.231908	400524382.218436	79500.000000	1021.836036	384462125.574065
375886579.003437	80749770.390060	693725125.256915	400895898.561456	79600.000000	1021.835625	384462281.235694
375865256.208632	80849704.441591	694367413.075950	401267411.968902	79700.000000	1021.835214	384462437.089858
375843907.050789	80949632.822357	695009695.698568	401638922.445912	79800.000000	1021.834802	384462593.136545
375822531.531437	81049555.525355	695651973.134296	402010429.997614	79900.000000	1021.834390	384462749.375743
375801129.652108	81149472.543584	696294245.392633	402381934.629121	80000.000000	1021.833977	384462905.807442
375779701.414334	81249383.870042	696936512.483054	402753436.345533	80100.000000	1021.833564	384463062.431630
375758246.819652	81349289.497729	697578774.415007	403124935.151937	80200.000000	1021.833150	384463219.248296
375736765.869597	81449189.419644	698221031.197911	403496431.053408	80300.000000	1021.832736	384463376.257429
375715258.565711	81549083.628787	698863282.841165	403867924.055008	80400.000000	1021.832321	384463533.459018
375693724.909531	81648972.118159	699505529.354136	404239414.161786	80500.000000	1021.831905	384463690.853051
375672164.902603	81748854.880761	700147770.746168	404610901.378778	80600.000000	1021.831490	384463848.439517
375650578.546470	81848731.909595	700790007.026579	404982385.711007	80700.000000	1021.831073	384464006.218406
375628965.842678	81948603.197661	701432238.204661	405353867.163484	80800.000000	1021.830656	384464164.189704
375607326.792777	82048468.737963	702074464.289680	405725345.741206	80900.000000	1021.830239	384464322.353402
375585661.398315	82148328.523502	702716685.290878	406096821.449161	81000.000000	1021.829821	384464480.709487
375563969.660847	82248182.547283	703358901.217469	406468294.292319	81100.000000	1021.829403	384464639.257949
375542251.581924	82348030.802309	704001112.078643	406839764.275642	81200.000000	1021.828984	384464797.998776
375520507.163105	82447873.281583	704643317.883566	407211231.404077	81300.000000	1021.828564	384464956.931957
375498736.405945	82547709.978109	705285518.641378	407582695.682560	81400.000000	1021.828144	384465116.057480
375476939.312005	82647540.884894	705927714.361192	407954157.116013	81500.000000	1021.827724	384465275.375334
375455115.882846	82747365.994942	706569905.052100	408325615.709347	81600.000000	1021.827303	384465434.885507
375433266.120033	82847185.301258	707212090.723166	408697071.467461	81700.000000	1021.826882	384465594.587990
375411390.025129	82946998.796849	707854271.383429	409068524.395241	81800.000000	1021.826460	384465754.482768
375389487.599703	83046806.474722	708496447.041906	409439974.497560	81900.000000	1021.826037	384465914.569832
375367558.845323	83146608.327883	709138617.707587	409811421.779278	82000.000000	1021.825614	384466074.849170
375345603.763560	83246404.349340	709780783.389438	410182866.245247	82100.000000	1021.825191	384466235.320770
375323622.355988	83346194.532100	710422944.096402	410554307.900303	82200.000000	1021.824767	384466395.984621
375301614.624181	83445978.869173	711065099.837398	410925746.749271	82300.000000	1021.824342	384466556.840711
375279580.569715	83545757.353566	711707250.621317	411297182.796964	82400.000000	1021.823917	384466717.889028
375257520.194169	83645529.978288	712349396.457031	411668616.048184	82500.000000	1021.823492	384466879.129562
375235433.499123	83745296.736351	712991537.353382	412040046.507718	82600.000000	1021.823066	384467040.562301
375213320.486160	83845057.620762	713633673.319195	412411474.180345	82700.000000	1021.822639	384467202.187233
375191181.156864	83944812.624534	714275804.363265	412782899.070830	82800.000000	1021.822212	384467364.004347
375169015.512820	84044561.740677	714917930.494367	413154321.183924	82900.000000	1021.821785	384467526.013630
375146823.555617	84144304.962201	715560051.721250	413525740.524372	83000.000000	1021.821357	384467688.215072
375124605.286845	84244042.282120	716202168.052642	413897157.096901	83100.000000	1021.820928	384467850.608660
375102360.708095	84343773.693445	716844279.497244	414268570.906230	83200.000000	1021.820499	384468013.194384
375080089.820960	84443499.189189	717486386.063737	414639981.957065	83300.000000	1021.820069	384468175.972231
375057792.627036	84543218.762366	718128487.760777	415011390.254101	83400.000000	1021.819639	384468338.942189
375035469.127921	84642932.405987	718770584.596997	415382795.802020	83500.000000	1021.819209	384468502.104248
375013119.325213	84742640.113069	719412676.581007	415754198.605494	83600.000000	1021.818778	384468665.458395
374990743.220513	84842341.876624	720054763.721392	416125598.669183	83700.000000	1021.818346	384468829.004619
374968340.815425	84942037.689668	720696846.026718	416496995.997734	83800.000000	1021.817914	384468992.742908
374945912.111553	85041727.545217	721338923.505525	416868390.595785	83900.000000	1021.817481	384469156.673249
374923457.110505	85141411.436286	721980996.166331	417239782.467960	84000.000000	1021.817048	384469320.795633
374900975.813888	85241089.355891	722623064.017631	417611171.618875	84100.000000	1021.816615	384469485.110047
374878468.223313	85340761.297049	723265127.067898	417982558.053130	84200.000000	1021.816180	384469649.616478
374855934.340392	85440427.252777	723907185.325581	418353941.775317	84300.000000	1021.815746	384469814.314915
374833374.166740	85540087.216093	724549238.799108	418725322.790015	84400.000000	1021.815311	384469979.205347
374810787.703973	85639741.180015	725191287.496883	419096701.101795	84500.000000	1021.814875	384470144.287762
374788174.953709	85739389.137560	725833331.427291	419468076.715211	84600.000000	1021.814439	384470309.562148
374765535.917567	85839031.081749	726475370.598690	419839449.634811	84700.000000	1021.814002	384470475.028492
374742870.597169	85938667.005600	727117405.019420	420210819.865130	84800.000000	1021.813565	384470640.686784
374720178.994139	86038296.902133	727759434.697796	420582187.410691	84900.000000	1021.813127	384470806.537010
374697461.110102	86137920.764369	728401459.642113	420953552.276006	85000.000000	1021.812689	384470972.579160
374674716.946686	86237538.585328	729043479.860642	421324914.465578	85100.000000	1021.812251	384471138.813221
374651946.505520	86337150.358032	729685495.361634	421696273.983897	85200.000000	1021.811811	384471305.239182
374629149.788235	86436756.075501	730327506.153319	422067630.835442	85300.000000	1021.811372	384471471.857031
374606326.796464	86536355.730758	730969512.243901	422438985.024682	85400.000000	1021.810932	384471638.666755
374583477.531842	86635949.316826	731611513.641566	422810336.556075	85500.000000	1021.810491	384471805.668343
374560601.996006	86735536.826727	732253510.354479	423181685.434067	85600.000000	1021.810050	384471972.861782
374537700.190594	86835118.253485	732895502.390781	423553031.663094	85700.000000	1021.809608	384472140.247062
374514772.117248	86934693.590124	733537489.758593	423924375.247582	85800.000000	1021.809166	384472307.824169
374491817.777608	87034262.829668	734179472.466015	424295716.191944	85900.000000	1021.808723	384472475.593092
374468837.173320	87133825.965142	734821450.521124	424667054.500584	86000.000000	1021.808280	384472643.553819
374445830.306029	87233382.989571	735463423.931978	425038390.177895	86100.000000	1021.807836	384472811.706337
374422797.177384	87332933.895981	736105392.706613	425409723.228259	86200.000000	1021.807392	384472980.050635
374399737.789035	87432478.677397	736747356.853043	425781053.656048	86300.000000	1021.806947	384473148.586701
